40.654244 0.525973 36.382467 53.186445 4.108888 0.125000 88.323209 
36.593541 51.208927 29.111775 79.634723 3.754174 0.125000 35.214716 
209.373014 53.029400 207.278762 25.689823 3.935201 0.125000 50.203913 
217.234031 84.602688 209.201230 53.169407 8.329407 0.125000 62.370266 
97.246130 154.436184 100.555283 134.363506 5.773484 0.125000 27.573051 
236.537301 164.453572 231.930339 144.652959 5.352052 0.125000 13.814339 
223.050003 114.769912 226.577303 104.274946 3.272519 0.125000 4.562853 
80.416909 162.351238 94.493484 158.565569 5.061650 0.125000 8.457796 
207.389037 28.111413 207.577175 0.612700 3.938055 0.125000 65.556443 
163.031078 24.365598 162.958539 44.378927 11.295232 0.125000 25.916627 
61.737327 149.627490 75.488457 157.125419 4.888898 0.125000 5.655253 
162.359748 70.581565 161.959870 100.642757 15.314571 0.125000 129.121094 
63.253886 53.125562 63.483009 0.621107 4.803580 0.125000 74.602080 
95.257204 122.706658 71.572605 112.232282 6.221552 0.125000 26.451297 
163.445142 0.592339 163.914591 23.160579 3.723193 0.125000 27.772300 
163.894961 45.384257 164.196512 49.480169 4.986504 0.125000 2.340144 
27.631282 99.510196 15.792528 104.753275 5.584066 0.125000 12.956794 
163.443963 50.488575 163.878117 59.459541 7.793350 0.125000 5.756143 
162.688766 142.410904 155.102113 173.605837 12.145962 0.125000 94.387425 
170.219584 131.641666 165.732958 139.437135 5.580576 0.125000 11.414542 
163.851415 60.176941 161.072408 71.357593 10.910793 0.125000 13.504749 
73.684600 101.365229 58.135953 86.863256 5.546226 0.125000 9.337685 
67.430900 74.483738 63.739466 50.920388 4.240036 0.125000 26.876746 
43.130278 150.812691 60.651573 150.320018 2.955758 0.125000 13.962049 
29.684991 79.155683 34.299694 85.678279 3.783254 0.125000 1.119382 
225.781166 105.169046 218.703879 83.342613 6.619203 0.125000 42.819751 
176.492315 114.394798 170.606467 0.625959 4.972858 0.125000 132.987176 
179.632513 115.789552 169.564740 131.544998 5.559407 0.125000 19.806798 
159.681996 110.357650 158.314956 140.746009 10.452180 0.125000 90.887576 
21.963100 125.573632 14.938177 113.525466 2.609916 0.125000 4.562914 
8.689616 152.706229 25.893563 141.020379 3.843457 0.125000 13.377751 
65.712581 90.644338 69.424273 73.833888 5.151909 0.125000 18.790453 
87.604395 155.441129 78.769102 158.649014 5.126410 0.125000 0.197301 
167.030743 127.344861 176.227202 114.445509 3.920375 0.125000 8.750418 
179.518015 104.388501 178.454286 115.656087 3.733400 0.125000 3.946531 
96.667236 138.039395 90.917006 151.995315 5.778702 0.125000 19.448223 
33.091318 148.146702 43.118056 147.871752 2.670382 0.125000 2.922309 
184.364507 101.405214 210.629323 100.818561 4.307328 0.125000 10.033369 
32.584011 0.602918 32.174430 10.637222 1.554840 0.125000 0.533964 
55.092747 113.705247 43.326620 123.055785 3.888510 0.125000 12.272950 
40.614881 129.638727 51.876520 129.523190 4.999737 0.125000 3.052425 
38.806841 60.893450 43.720414 25.534038 7.189035 0.125000 55.506127 
95.603765 129.373193 94.952248 137.030471 5.299918 0.125000 5.475792 
187.800537 0.503519 184.702931 40.650302 4.315850 0.125000 69.416866 
44.479782 81.447701 64.212755 86.286628 3.023473 0.125000 3.351964 
12.973903 115.701247 17.254309 124.183591 2.815713 0.125000 0.264198 
59.044672 74.420349 60.157517 51.851948 3.112591 0.125000 15.889556 
206.989130 105.018413 183.087699 104.140321 5.271979 0.125000 31.960990 
184.884102 40.968021 178.315060 74.655808 4.729699 0.125000 45.413383 
229.157847 134.952094 224.969762 115.233192 7.747538 0.125000 26.604827 
200.990824 0.594688 206.399556 65.871540 6.627331 0.125000 110.262600 
17.450767 135.546373 8.318030 130.289641 3.250067 0.062500 0.472019 
51.000022 0.563843 46.709321 61.950790 4.491642 0.125000 81.044699 
43.769450 25.498234 45.475257 0.529373 5.584759 0.125000 59.784821 
57.147457 87.521440 44.372266 85.643601 3.564135 0.125000 5.592310 
32.736565 9.324155 28.952448 38.233310 3.127802 0.125000 25.056929 
17.750962 113.368345 23.609356 122.373119 1.830525 0.125000 0.533964 
45.720656 61.567185 42.899168 72.148103 4.589595 0.125000 1.250154 
178.808421 74.403400 180.061547 99.403243 4.618261 0.125000 38.627288 
20.911752 153.280877 13.221758 154.849382 4.423793 0.125000 0.501208 
56.877678 75.713748 48.060270 75.979807 4.410426 0.062500 0.072331 
48.928005 102.710125 57.221627 94.735493 5.371594 0.125000 2.509020 
210.961004 92.156995 198.249978 94.944834 5.569311 0.125000 2.082269 
151.519608 0.172730 154.448649 30.252671 13.014231 0.125000 100.828317 
46.257062 127.616708 60.500485 115.478885 4.757022 0.125000 17.562735 
166.755701 49.374141 167.106824 0.617668 1.294976 0.125000 24.014303 
208.533900 66.627588 210.439212 79.402709 3.340200 0.125000 3.946531 
69.819131 148.768767 61.509935 145.232890 4.918922 0.125000 0.664860 
206.704160 86.476580 214.637190 88.068072 3.031096 0.125000 1.164052 
10.627889 59.674058 0.616747 59.770784 1.334479 0.031250 1.437054 
20.634715 171.947404 44.623713 168.728592 6.043962 0.125000 29.790439 
12.152240 13.118582 12.341384 58.128293 2.505231 0.125000 48.704731 
56.882769 126.883727 66.806928 118.048538 3.427146 0.125000 6.419442 
196.984679 93.177901 183.121995 91.907793 2.717669 0.125000 0.920919 
32.712389 50.580640 37.272191 8.167702 2.939577 0.125000 28.152485 
20.807488 76.948216 12.855993 96.767072 6.738463 0.125000 25.745726 
67.622298 0.655301 66.003066 40.589645 3.544351 0.125000 28.585639 
58.431959 0.609432 58.121345 44.366101 4.849031 0.125000 50.161601 
30.629103 12.406529 14.370422 12.532043 1.365756 0.125000 7.758684 
80.918544 25.640376 81.839524 8.057667 2.960245 0.125000 7.249145 
100.027410 12.721254 102.748429 0.269552 6.105911 0.125000 19.917520 
80.729042 111.921736 89.521389 112.681978 3.541785 0.125000 0.350085 
151.673393 36.211091 156.713734 48.694803 7.890510 0.125000 9.349627 
79.586008 43.135441 79.511759 26.857271 7.482817 0.125000 21.879311 
79.897267 81.768426 81.741900 69.172450 3.560370 0.125000 4.124553 
46.379276 170.073309 60.440503 166.204451 7.231275 0.125000 11.527550 
56.921014 153.446165 45.721806 155.050684 2.120174 0.125000 1.164052 
155.167021 54.365164 155.233309 68.126887 5.018005 0.125000 16.611190 
27.937642 66.822000 32.471738 50.793807 2.587648 0.125000 7.119485 
23.650973 57.950197 19.953574 73.264686 2.471823 0.125000 11.371043 
214.012438 50.624709 214.036496 20.625731 2.502004 0.125000 10.235141 
84.136814 99.607193 87.656970 84.267596 2.616256 0.125000 6.265332 
194.685003 75.631724 194.523946 53.114994 3.848252 0.125000 9.636193 
169.140569 30.629249 170.001297 78.113647 1.476339 0.125000 25.136705 
83.933202 14.400270 85.433809 40.635936 2.353161 0.125000 3.658153 
174.820139 21.856669 176.417427 60.643843 2.857910 0.125000 25.782486 
212.830861 14.273219 216.455806 3.797409 3.952591 0.125000 2.514703 
101.442458 172.506033 108.942083 162.790811 2.603990 0.125000 3.803284 
97.431389 41.895137 98.244654 19.424571 3.928390 0.125000 15.413501 
175.357788 0.625152 175.354693 20.625152 3.751741 0.125000 8.178982 
29.025611 40.542240 24.274268 60.601140 4.449488 0.125000 24.289846 
52.010822 48.129205 53.171981 10.626455 1.829661 0.125000 26.923641 
108.488186 21.943019 112.502549 0.508425 2.075182 0.125000 7.999500 
120.625000 118.125000 120.625000 56.875000 1.250000 0.125000 33.045203 
192.057677 48.129929 191.872920 8.119238 5.063439 0.125000 37.454221 
220.030692 41.798823 223.874460 11.810842 1.685108 0.125000 7.383834 
102.962501 91.862334 104.229036 75.613623 1.731914 0.125000 5.049414 
224.427595 9.384390 226.018721 0.472127 1.889617 0.062500 2.340144 
108.843651 161.973011 110.730319 148.139364 2.308155 0.125000 6.855594 
