212.646797 111.484138 227.783466 97.886273 4.381270 0.125000 33.762231 
114.708155 14.173328 98.598211 0.083926 4.586576 0.125000 31.628048 
98.511858 111.068802 115.266604 96.463849 4.348619 0.125000 26.566263 
228.034432 13.106094 213.012464 -0.619864 4.454740 0.125000 30.244435 
113.743583 96.876005 113.612226 14.372234 3.879356 0.125000 151.737772 
165.875095 90.565157 163.476480 80.540897 3.304033 0.125000 3.389740 
211.636230 59.684779 205.148816 80.862050 3.391951 0.125000 12.884703 
110.185295 94.853778 98.062543 101.765454 4.962742 0.125000 6.420844 
-0.057465 97.630138 15.038830 111.273589 3.531025 0.125000 16.298132 
14.256511 0.493758 0.463678 12.946315 3.350618 0.125000 22.085850 
50.325070 36.616275 53.925582 49.837789 4.824315 0.125000 5.669077 
180.956885 93.994753 193.117200 89.354559 3.334537 0.125000 4.466784 
191.855155 16.616256 204.377364 15.655821 6.422882 0.125000 6.903332 
214.642816 70.420796 212.990992 58.143029 5.455366 0.125000 5.227860 
170.929323 94.120307 165.693298 87.863987 3.678010 0.125000 1.707013 
62.019904 79.152112 69.576618 84.064875 3.458641 0.125000 1.707013 
46.142418 60.530127 48.481827 73.288771 4.139388 0.062500 0.605182 
220.190809 26.556984 227.717621 40.158717 10.310366 0.125000 20.257537 
158.520233 81.788187 159.053370 91.891971 4.496313 0.125000 0.204558 
196.313438 34.842031 187.308532 24.014447 5.281045 0.125000 2.269455 
54.389613 75.607925 61.806452 81.955100 6.237069 0.125000 4.621270 
203.869239 17.639292 210.312967 27.512860 2.529458 0.125000 1.639635 
50.963657 26.693807 50.209063 35.694922 4.150224 0.125000 2.666695 
44.412198 80.585930 56.586981 92.177510 2.846000 0.125000 2.233375 
206.300302 14.103022 213.717646 20.177653 2.785287 0.125000 1.684305 
164.489946 34.981507 159.215717 44.284698 5.111659 0.125000 4.544170 
109.466554 67.983164 110.023420 78.157925 3.676086 0.125000 4.325605 
182.753481 11.463273 172.889484 20.363995 5.477583 0.125000 5.127628 
10.413662 106.966533 32.029593 108.729300 7.678384 0.125000 26.727012 
205.768677 34.335833 209.834310 49.249789 2.411984 0.125000 3.494587 
159.217071 3.705165 150.097348 22.873965 5.534373 0.125000 18.350881 
42.611466 46.702813 45.789186 60.294362 2.924638 0.125000 5.159498 
74.689712 17.751688 79.043961 36.002208 4.807966 0.125000 10.898808 
116.845369 99.408475 129.437426 110.554475 3.022953 0.125000 9.365150 
186.046696 3.323595 182.701975 10.425779 2.860033 0.062500 2.095268 
27.007124 92.849340 5.342074 82.465290 3.781905 0.125000 11.644440 
149.240211 67.862623 146.867268 80.386697 7.834294 0.125000 0.846161 
17.077696 73.082934 19.865025 86.513892 6.373608 0.125000 4.685778 
137.447158 43.241415 136.126660 49.731405 6.124512 0.125000 6.785584 
109.138992 79.278276 108.150946 94.458051 6.805134 0.125000 14.334592 
91.920072 4.213109 98.458076 11.453028 1.958665 0.125000 0.151126 
61.678708 1.969961 71.827403 3.451126 6.726043 0.125000 2.306531 
78.729201 36.758955 77.952913 49.440981 3.972109 0.125000 4.544170 
33.291630 100.954533 12.611627 97.210885 6.595372 0.125000 20.478525 
145.532305 56.846647 142.064739 68.183037 4.781325 0.125000 1.978544 
15.619153 2.499247 29.356241 2.627910 6.296554 0.125000 12.306774 
78.156731 6.960551 87.071267 3.654167 4.253251 0.125000 5.933342 
5.618515 35.760676 18.209247 36.362509 3.506997 0.125000 5.996045 
25.449469 82.303490 21.692788 69.805498 5.508012 0.125000 18.745918 
128.221923 0.730612 117.133514 10.906691 2.069240 0.125000 6.088604 
170.009327 16.172661 164.164084 22.942901 6.364524 0.125000 2.388625 
131.207286 57.177872 126.826657 65.599855 4.569847 0.125000 3.261506 
148.991228 22.849634 140.263868 35.012785 5.542909 0.125000 10.779121 
106.842166 26.755732 107.727070 35.786477 3.854027 0.125000 6.815749 
204.245543 76.078406 191.817326 75.133872 5.080348 0.125000 1.219191 
52.051956 94.225471 45.655377 86.655585 3.375137 0.125000 2.546913 
135.748269 77.951849 134.822620 90.657610 4.895959 0.125000 1.562436 
3.023198 91.897988 0.753345 81.846018 4.483896 0.125000 3.034956 
199.374487 26.875052 200.277896 35.786901 4.596300 0.125000 1.185113 
190.687349 73.223814 183.960595 77.468232 5.839588 0.125000 6.939694 
211.825099 6.940465 221.766041 14.517945 5.255686 0.125000 0.529324 
126.742346 106.708521 142.903152 108.687063 5.444174 0.125000 6.412742 
135.953953 53.437450 132.271539 57.314354 3.770222 0.125000 1.054216 
199.439165 93.579651 189.115535 101.538438 4.103764 0.125000 10.272331 
5.505703 28.139235 19.485087 29.458372 3.263686 0.125000 0.281528 
141.328483 81.882617 141.423354 73.120110 2.540452 0.125000 0.807318 
223.727253 77.609438 219.227596 83.262762 3.394392 0.125000 0.807318 
214.296733 45.673419 209.557239 38.012260 3.441310 0.125000 0.037235 
35.639878 69.190242 34.122033 79.337159 2.657417 0.125000 3.442561 
120.894009 73.070258 119.630714 95.709022 5.479745 0.125000 38.332170 
125.138769 66.554924 120.938469 72.935652 5.881464 0.125000 0.717554 
121.033272 20.618766 121.300699 38.133769 1.478854 0.125000 2.666695 
