70.601494 219.872752 81.864617 219.740526 3.110068 0.125000 0.064351 
80.492894 181.853911 80.320693 193.139430 3.863989 0.125000 12.459275 
101.533055 19.374769 101.545698 0.623935 3.759270 0.125000 25.409376 
93.162400 176.803503 79.352708 176.412672 2.817261 0.125000 6.964183 
99.738190 195.536136 92.402871 189.933837 5.021653 0.125000 2.008653 
79.357748 198.706608 86.868382 198.639066 3.783570 0.125000 0.064351 
87.560077 188.506285 94.732754 199.133540 4.195757 0.125000 7.350605 
197.528763 189.399608 194.273541 110.526009 5.768927 0.125000 107.087098 
66.038995 70.512451 99.993743 18.529154 5.341646 0.125000 83.222354 
34.892120 14.430455 33.843388 0.570642 3.739311 0.125000 12.077854 
102.228742 171.800684 103.739579 204.404445 5.953990 0.125000 37.415687 
49.153550 155.552651 65.480597 105.577823 5.022843 0.125000 85.002008 
193.736246 109.455676 192.453799 99.301896 3.576731 0.125000 9.365017 
36.686685 57.182189 60.281433 71.646379 4.813985 0.125000 26.513815 
102.479460 145.623443 102.543879 170.626497 2.557962 0.125000 23.150815 
191.233480 88.230537 189.966284 80.527727 3.278486 0.125000 3.946477 
192.340990 98.229612 191.150156 89.304928 2.974011 0.125000 4.849567 
0.645593 30.875262 15.749043 29.632456 3.532346 0.125000 10.390687 
163.894734 150.206120 157.407272 177.003858 5.601615 0.125000 33.229798 
23.926141 148.391043 30.587635 97.032285 4.455307 0.125000 75.930417 
2.920333 64.162014 8.060165 89.388210 4.219552 0.125000 32.523282 
185.236425 176.896568 184.122054 156.819658 3.674962 0.125000 16.515668 
190.952873 202.069195 198.706119 188.978831 3.665026 0.125000 12.897717 
146.838589 0.242430 152.892969 19.448145 3.641217 0.125000 16.411343 
148.256784 35.628563 147.783125 53.149550 2.904446 0.125000 20.473616 
41.126850 114.058884 25.668742 150.643482 4.686761 0.125000 45.708805 
35.221019 187.963765 48.386089 154.978098 4.180447 0.125000 51.138142 
173.788256 49.492403 166.717782 14.156343 3.432990 0.125000 36.839894 
141.025425 0.584181 140.180796 18.163715 3.625702 0.125000 17.157807 
7.789933 88.342888 3.904004 126.953402 4.490202 0.125000 45.718838 
179.849889 45.813098 171.845513 12.828815 5.662170 0.125000 48.885253 
38.116621 104.579087 39.664842 114.125265 4.335172 0.125000 6.964183 
61.505514 94.771340 57.470809 78.285101 4.533941 0.125000 15.176487 
129.971208 13.071958 128.308373 111.941154 7.340410 0.125000 172.851461 
23.143459 33.862695 4.311417 34.333912 4.124040 0.125000 10.288302 
16.552751 29.406551 33.314511 33.621332 4.863134 0.125000 14.194447 
183.256915 71.565198 166.640583 64.489903 4.748704 0.125000 6.434423 
64.504631 35.880084 43.072487 46.771667 4.402686 0.125000 20.624972 
146.321674 64.121195 138.603507 80.947763 4.450839 0.125000 21.441873 
121.186882 219.377847 136.567581 226.307346 5.648061 0.125000 10.788444 
85.909728 28.843005 69.441861 58.722931 5.697643 0.125000 40.648844 
171.626647 12.580747 168.297867 -0.382349 7.640972 0.125000 34.259782 
21.255890 221.127272 35.602398 203.107006 5.126839 0.125000 24.228906 
3.124048 125.886144 0.567718 138.113024 3.414820 0.125000 10.268107 
162.773080 114.266690 164.546050 149.429403 5.811972 0.125000 39.165193 
125.933311 120.339456 122.735369 130.885885 6.089127 0.125000 6.174099 
37.645218 25.724024 35.563468 15.637700 3.646790 0.125000 1.302751 
187.938116 103.153909 183.289073 73.099620 3.426053 0.125000 23.792839 
36.083491 65.777048 36.538589 56.921953 5.057567 0.125000 1.234339 
142.668725 27.506386 148.060915 34.424947 4.712106 0.125000 4.363067 
0.107024 59.314817 2.433152 39.294615 2.771826 0.125000 11.214696 
141.828133 84.847300 160.660399 83.712411 3.021819 0.125000 11.316399 
102.585810 203.974092 105.915727 215.893003 5.771260 0.125000 19.717634 
103.855535 189.844539 124.041291 212.176636 4.511413 0.125000 21.793102 
98.206722 13.185825 86.566286 28.825585 5.760048 0.125000 13.921545 
88.515940 8.199332 72.213991 28.398585 5.802048 0.125000 35.143067 
121.743476 131.740838 121.954741 139.407249 8.781113 0.125000 4.407529 
30.270788 0.519615 31.900448 14.372006 4.089413 0.125000 3.824071 
145.082022 15.484059 144.007328 0.561457 5.346243 0.125000 12.388323 
149.799385 201.578339 136.891661 183.113353 4.406348 0.125000 10.685170 
152.263124 90.466647 161.122860 112.181870 3.990612 0.125000 16.787589 
28.653996 199.356924 28.228833 186.914164 3.790500 0.125000 3.924706 
72.162558 28.219528 63.799842 35.185190 5.283663 0.125000 5.636900 
31.828011 94.370558 33.724203 74.313474 3.027452 0.125000 16.325192 
144.219136 235.290547 159.623880 237.913074 4.745730 0.125000 2.573602 
22.022772 25.073976 10.542375 24.132023 3.226353 0.125000 8.022595 
127.263667 112.926103 125.703653 119.681810 4.497587 0.125000 4.485486 
186.281218 74.287900 190.117698 103.192334 2.390422 0.125000 18.025819 
169.473752 16.851974 176.494927 46.963622 2.068895 0.125000 8.772174 
191.889925 228.355694 181.170259 237.513269 5.010007 0.125000 6.939556 
153.899656 67.789252 144.923905 80.496888 4.027105 0.125000 3.901171 
137.775606 183.145504 137.263888 174.425533 3.743560 0.125000 0.986914 
143.620930 77.140076 149.408950 66.311274 3.383288 0.125000 7.834038 
142.270958 226.190843 159.051208 214.448598 5.735734 0.125000 18.092961 
185.141970 61.191816 174.359528 56.913998 3.725650 0.125000 0.969019 
122.095349 211.749116 126.556053 219.557212 3.256103 0.062500 0.613631 
4.241991 -0.073123 -0.293296 8.911457 3.921635 0.125000 7.558837 
199.019771 233.073067 200.861290 220.476800 3.710557 0.125000 4.130565 
26.002214 183.290129 28.049340 163.117322 3.838641 0.125000 11.064125 
53.834207 119.652636 40.292293 154.244754 4.507083 0.125000 47.656425 
183.100627 238.700037 194.381056 238.292698 2.769023 0.125000 3.946477 
150.935670 35.525161 147.554782 25.004831 3.995338 0.125000 1.752956 
35.649884 230.806864 29.795831 223.819702 3.366465 0.125000 4.485486 
161.205616 90.984455 169.937099 107.244398 3.038334 0.125000 10.390687 
173.275734 218.120293 173.626713 229.359332 3.943256 0.125000 4.439399 
188.560063 146.855149 189.478526 166.984347 5.279684 0.125000 14.658044 
194.109567 75.802407 187.751307 66.289304 6.935380 0.125000 13.177905 
8.339209 47.791724 5.917867 55.317033 6.332473 0.125000 2.278948 
146.496704 50.944353 144.182103 57.262275 5.124850 0.125000 2.669641 
184.787261 155.760616 185.918168 141.898918 2.070008 0.125000 4.849567 
181.890518 51.081612 180.113247 46.276640 4.079301 0.062500 1.052161 
189.312255 66.635400 183.184909 51.094211 5.355923 0.125000 15.213655 
51.142713 107.254529 47.530648 100.285191 3.329405 0.125000 0.064351 
57.218126 76.426218 47.288440 68.834253 5.256721 0.125000 7.447626 
139.104038 95.619931 138.917012 105.616431 2.546327 0.125000 0.964206 
101.467221 243.127993 101.329550 224.369829 1.387573 0.125000 2.140297 
40.866339 142.836711 50.869552 107.837629 6.009367 0.125000 47.059025 
136.124487 175.369045 122.557888 165.126132 4.519168 0.125000 8.543915 
180.627630 238.105174 172.028894 236.964697 4.320741 0.125000 1.122112 
75.660604 31.907051 89.212258 16.853231 4.737798 0.125000 27.365781 
109.142523 171.833156 106.884751 184.376755 2.558835 0.125000 1.826814 
167.703408 112.733543 155.992737 87.951229 3.700842 0.125000 22.817184 
103.300091 115.629553 102.617130 141.894298 2.596633 0.125000 3.684242 
196.455989 83.248712 194.897664 77.970685 2.751634 0.062500 0.936177 
200.593613 221.040757 193.754129 211.050038 2.875818 0.125000 0.495857 
158.814767 205.207683 154.488220 198.056500 4.727214 0.125000 0.721073 
103.365804 216.874263 103.427031 236.877902 3.761460 0.125000 7.791433 
31.901282 150.649054 40.300332 141.471874 4.532371 0.125000 6.741488 
132.675736 70.638648 133.102445 45.603310 4.111594 0.125000 35.426016 
13.381427 158.520963 4.189085 169.215195 4.340304 0.125000 2.719910 
12.340825 145.525151 14.243812 154.403120 2.154725 0.125000 0.334117 
51.554038 197.166174 65.024428 154.186772 6.337782 0.125000 81.367777 
16.958054 86.856952 13.044861 68.849151 6.107461 0.125000 21.644867 
128.303125 0.359649 129.455558 11.990870 8.449437 0.125000 23.631888 
144.031587 205.736101 148.413801 219.281567 3.148147 0.125000 3.924706 
128.140385 231.855131 139.585577 240.717369 3.328377 0.125000 0.752650 
107.888908 215.765729 113.703429 225.520401 5.574920 0.125000 12.983876 
3.107294 167.018478 4.433067 155.631761 5.255576 0.125000 3.458307 
117.708377 163.557023 122.096687 155.091922 3.329240 0.125000 0.301362 
101.120685 41.843538 101.953415 21.878271 1.769823 0.125000 9.365017 
39.185438 156.501166 37.507000 162.964514 3.947170 0.125000 0.964206 
160.681068 49.372097 160.032336 36.840970 2.819784 0.125000 2.774488 
22.305426 76.467011 20.695164 84.635253 4.663818 0.062500 0.883709 
125.186943 140.779567 133.759889 95.745862 3.624701 0.125000 41.116041 
202.173989 118.128431 202.097311 96.874198 3.758995 0.125000 15.360870 
50.798535 239.377752 51.491899 195.658573 6.130283 0.125000 64.016188 
142.459605 102.858448 146.861636 91.869647 5.571097 0.125000 1.544534 
1.505020 123.194661 4.085015 90.602045 3.281324 0.125000 16.772317 
65.526641 154.049604 73.999702 118.939409 8.254730 0.125000 73.473551 
135.701361 88.303861 133.195972 71.864184 4.272169 0.125000 6.746317 
154.055157 172.084933 157.787307 155.548784 6.765583 0.125000 23.211475 
77.698841 104.545220 75.650219 84.372439 10.580293 0.125000 38.726145 
13.313082 110.639229 15.019832 88.079217 3.739314 0.125000 13.408042 
76.015000 119.331131 76.765196 104.624451 7.808663 0.125000 17.259547 
20.640415 90.456028 19.782719 103.067718 5.811526 0.125000 2.228819 
131.312320 36.558188 136.023096 28.191540 3.381534 0.125000 0.301362 
121.714043 152.245537 124.260472 144.761334 4.733517 0.125000 0.495857 
144.685804 51.955698 145.527069 35.684565 1.678038 0.125000 0.150239 
42.300646 206.926376 43.508268 196.921261 2.931351 0.125000 1.777225 
136.452268 193.760917 124.468349 202.010603 2.700910 0.125000 1.302751 
35.235741 120.712239 36.251679 110.688516 2.991441 0.125000 6.655747 
42.912722 195.755822 44.212330 185.446910 3.544574 0.125000 3.605506 
67.068076 86.912656 67.690766 104.390471 2.944598 0.125000 1.752956 
55.665389 145.640531 40.751725 184.423731 2.691879 0.125000 18.294350 
48.204533 16.201140 37.759897 14.968396 3.267369 0.125000 4.363007 
100.416389 26.302964 87.922994 45.493490 4.190266 0.125000 16.235078 
71.581197 86.991848 73.442416 71.761037 7.292997 0.125000 15.842054 
199.077030 159.148181 200.969336 167.090773 2.778794 0.125000 2.140297 
59.589881 35.506242 50.663044 19.353974 5.211260 0.125000 14.424410 
79.513235 84.422178 90.491136 52.255922 5.595940 0.125000 34.420860 
68.771730 104.234508 61.142247 136.995458 5.119747 0.125000 31.306406 
160.086775 150.617138 160.360594 131.871138 1.487202 0.125000 0.964206 
44.298588 238.002716 42.352462 219.325250 3.807179 0.125000 9.793182 
173.918259 96.942505 172.418442 86.794681 3.204178 0.125000 6.655747 
69.834219 24.718312 82.108734 8.299739 3.489613 0.125000 3.684242 
103.304453 34.375295 103.173008 114.375079 1.379389 0.125000 46.391707 
98.930414 224.409954 98.280660 239.381755 3.909065 0.125000 0.869279 
155.827420 150.691480 154.395267 128.123714 4.989962 0.125000 4.880935 
86.980336 45.693978 78.052539 59.327550 4.182945 0.125000 10.955091 
91.873585 242.334880 54.373706 242.402018 3.803704 0.125000 19.758426 
199.937815 126.714911 201.723795 119.048570 3.084982 0.125000 2.140297 
89.346593 226.083756 66.855429 224.691059 3.511068 0.125000 20.600105 
132.897968 164.351590 134.837345 145.543781 2.993079 0.125000 0.869279 
199.343980 143.126018 199.837086 158.150859 2.078665 0.062500 4.049460 
94.429526 202.264199 80.428954 204.225642 3.020020 0.125000 5.275946 
91.346204 52.371037 99.992590 39.799772 3.476553 0.125000 6.540936 
100.418935 140.638387 101.669470 43.122364 2.179224 0.125000 95.188740 
199.830702 194.147682 197.562900 202.071868 3.605264 0.125000 6.655747 
78.160847 170.930702 95.683048 171.595876 4.126645 0.125000 2.231817 
97.204273 170.638709 98.403499 141.834553 3.486768 0.125000 13.758026 
198.200765 105.601760 197.730411 129.367190 2.623183 0.125000 10.955091 
39.313690 3.139804 41.733021 13.159283 2.101843 0.125000 1.237207 
201.188137 171.891345 200.570825 193.159709 2.825340 0.125000 5.900380 
75.600116 207.229144 92.032479 208.383744 3.740777 0.125000 3.458307 
48.851618 10.561388 47.973321 0.528848 2.599489 0.125000 0.087219 
71.965101 198.403268 74.110745 188.070128 2.076924 0.125000 0.087219 
73.216983 185.636612 73.303784 175.604915 4.320736 0.125000 1.515793 
122.808136 86.884628 122.313697 70.611671 1.704975 0.125000 4.363067 
177.254156 0.537247 181.352712 18.245880 2.627081 0.125000 5.548356 
122.187073 68.137420 121.922064 48.124377 2.698390 0.125000 1.668526 
109.228740 0.613091 106.676364 31.960604 2.520330 0.125000 4.678450 
