0.848971 200.625007 0.854892 0.624970 1.255885 0.125000 133.088210 
161.083168 100.202492 146.700375 96.262455 4.607523 0.125000 20.764959 
185.276534 108.836081 164.189967 98.502579 4.467526 0.125000 21.182595 
179.375260 201.294913 1.874316 201.363845 3.816018 0.125000 342.133419 
181.327347 198.193904 179.649203 154.412402 4.130267 0.125000 61.406266 
233.133832 201.323170 184.366623 201.084137 3.964393 0.125000 94.904215 
176.207133 100.826301 193.497035 108.782852 4.361288 0.125000 14.764125 
32.141891 84.900776 36.704198 94.456547 4.024443 0.125000 6.964047 
61.875122 105.705680 36.873282 105.743639 2.536056 0.125000 23.814322 
179.387951 155.815771 182.296420 136.561026 4.525627 0.125000 31.057418 
222.299569 100.232650 229.751969 84.554184 4.627233 0.125000 12.094260 
226.759260 89.413542 222.013656 75.162574 4.346600 0.125000 16.306775 
36.877775 104.311668 28.035201 103.924166 3.965306 0.031250 2.966268 
33.326200 95.466699 49.426166 97.766862 3.712305 0.125000 5.636765 
26.265965 105.496218 23.069422 120.613248 4.891833 0.125000 7.042413 
100.632424 105.561993 74.376196 105.413537 3.827683 0.125000 41.381378 
201.573159 109.240241 222.039673 101.035788 4.881130 0.125000 19.842217 
109.972139 113.182660 109.195658 104.390839 2.930187 0.125000 2.722327 
34.208494 63.026534 32.720403 84.433767 3.534174 0.125000 25.833446 
50.376400 97.021372 69.024879 92.820678 3.504340 0.125000 14.746229 
89.328259 101.434638 100.684737 102.090260 3.000151 0.125000 1.515658 
167.400037 60.568887 166.581836 89.366671 4.280996 0.125000 28.180913 
167.459795 89.521772 176.176011 101.473144 4.776326 0.125000 14.043005 
101.255376 101.440089 108.433096 91.213883 4.200642 0.125000 11.191793 
182.386159 210.633855 182.281123 201.870133 2.604684 0.125000 0.087084 
69.640671 92.435003 90.242852 100.367509 4.304228 0.125000 15.703403 
181.405933 141.277674 187.892460 122.609860 4.572765 0.125000 15.999372 
151.804989 110.578885 150.971718 134.430782 4.358708 0.125000 43.082420 
149.460051 92.965192 158.956290 85.118282 3.392856 0.125000 2.928345 
107.091682 90.716122 108.808048 63.089776 3.742784 0.125000 24.603901 
26.835783 111.178662 61.865471 109.205809 5.220114 0.125000 53.655532 
47.909113 28.049991 39.991088 50.839059 4.673038 0.125000 17.809994 
201.487316 51.982180 207.893528 0.440864 4.204959 0.125000 82.516951 
204.791395 69.520704 201.887062 52.904406 4.985331 0.125000 10.821214 
50.917392 0.508453 47.696245 26.974951 4.175588 0.125000 42.438582 
180.250537 0.408030 172.201894 60.668661 3.789024 0.125000 79.161123 
39.017254 50.420222 28.294570 59.573641 6.098422 0.125000 6.825013 
161.953915 61.006568 142.030548 65.127097 4.008919 0.125000 4.311374 
92.603062 199.398384 90.753687 158.119235 4.865162 0.125000 65.787011 
161.372217 136.619195 171.263507 117.177914 6.215535 0.125000 13.266081 
140.558013 66.871953 139.477531 90.629663 3.518967 0.125000 25.725899 
92.075083 150.706640 106.021562 116.526770 5.028249 0.125000 44.346108 
53.126875 52.126832 39.368330 52.229292 2.546474 0.125000 8.461792 
201.338274 193.164716 197.730166 144.404216 2.677671 0.125000 52.708174 
71.877615 102.510505 64.372431 102.478564 1.281907 0.015625 2.218282 
161.496359 85.664749 162.528409 63.040763 4.429656 0.125000 10.685034 
175.015290 84.337210 174.050874 67.996581 3.522547 0.125000 16.410038 
107.377427 60.712027 93.200955 57.760215 3.875778 0.125000 5.385497 
217.079993 78.133070 216.539534 91.861794 2.940601 0.125000 11.324746 
26.776769 117.396749 43.152332 120.479825 4.379087 0.125000 10.035159 
31.935516 146.541280 45.479978 199.730239 3.611504 0.125000 55.744374 
210.338857 79.526311 205.357241 70.105597 3.505958 0.125000 4.362932 
124.849701 44.374485 124.802269 0.624537 1.297431 0.125000 20.201962 
91.938247 157.138260 93.046724 151.608727 4.168234 0.125000 0.087084 
185.139406 139.339620 187.690275 194.452976 7.723152 0.125000 117.026909 
216.901946 91.605230 207.928083 98.827057 4.488846 0.125000 8.715628 
100.652256 49.366027 93.235735 26.838544 5.169427 0.125000 30.612553 
91.907250 58.507370 84.460223 59.135461 2.596209 0.062500 2.140162 
23.322908 121.263342 36.664616 143.252648 4.430853 0.125000 14.231627 
84.774584 59.330105 56.848028 50.712406 4.777695 0.125000 29.090428 
195.094686 85.633545 194.946292 98.131783 2.618548 0.125000 4.485350 
142.919796 136.526905 149.791682 157.152637 3.951689 0.125000 22.340525 
197.825623 147.819835 202.705771 123.042429 3.158907 0.125000 10.288167 
93.380134 26.635128 89.207436 0.452493 4.903113 0.125000 36.926284 
112.570917 57.681228 101.163498 49.841449 2.778100 0.125000 1.302616 
172.173409 155.603811 175.301943 199.664210 14.873795 0.125000 109.801559 
149.599171 157.826569 156.943980 194.107986 6.899688 0.125000 82.188103 
190.045658 98.732008 182.108181 90.453004 4.660379 0.125000 13.348056 
22.529101 132.687342 31.398834 145.943601 4.170737 0.125000 2.635655 
48.048625 152.355745 64.897481 198.841752 5.788627 0.125000 62.738754 
54.555756 195.584778 47.311220 163.027933 3.523084 0.125000 35.885630 
175.647093 132.926429 173.799692 155.979580 9.520844 0.125000 55.910514 
229.277567 64.478889 232.040684 0.578113 8.026180 0.125000 157.683005 
212.698130 90.614636 212.940776 80.620527 2.025962 0.125000 0.333982 
194.780001 142.940536 197.967287 193.135015 4.910736 0.125000 59.888202 
46.555760 193.205013 34.246737 144.093852 3.029699 0.125000 36.148953 
75.505908 109.178148 104.311611 112.435560 7.895908 0.125000 45.418158 
124.277476 59.443861 124.744910 43.135603 3.784274 0.125000 11.437657 
118.252814 68.056166 113.021120 57.549128 4.489794 0.125000 2.278813 
38.605125 142.920477 45.616039 159.378817 5.899421 0.125000 23.163225 
43.751523 160.749282 50.221226 193.205487 4.406668 0.125000 25.828693 
46.110861 120.383143 53.333881 134.893261 3.352120 0.125000 9.552097 
47.504988 42.012691 56.622518 0.296615 5.038259 0.125000 46.793849 
174.784861 66.922673 177.400384 44.436110 4.533256 0.125000 14.975798 
143.397042 90.602105 142.552577 80.567976 3.736790 0.125000 2.113602 
24.529166 68.630976 28.518297 77.270563 3.404603 0.125000 0.301227 
159.440834 87.764982 162.744642 92.160865 3.749997 0.062500 0.232747 
27.172397 58.190881 24.943816 68.251008 4.201947 0.125000 0.464879 
160.206571 46.896743 159.879099 59.420865 3.912083 0.125000 4.602792 
83.658991 172.782896 85.964288 193.227689 6.070584 0.125000 36.097016 
228.647933 72.062517 229.356974 65.358678 5.235215 0.125000 10.267972 
196.739774 69.336480 206.262163 80.224541 5.291469 0.125000 3.270042 
210.309834 9.343468 207.288566 39.541438 5.224647 0.125000 29.409815 
227.176530 115.403313 229.799301 104.182008 4.868777 0.125000 9.656601 
24.374157 193.130045 43.427641 196.313844 4.728799 0.125000 9.743045 
73.048718 196.734399 84.408086 197.101660 4.071184 0.125000 3.117792 
229.330074 193.145104 228.398187 133.120759 6.210439 0.125000 107.804964 
76.952114 97.394025 64.328863 96.062334 2.385768 0.125000 1.777090 
37.525365 89.393795 38.394762 59.310547 6.789035 0.125000 61.027408 
153.699806 150.337031 147.690759 138.342548 5.594568 0.125000 4.012788 
177.635397 68.419621 180.345633 84.422314 3.926004 0.125000 9.962047 
91.725133 38.412591 98.501130 54.959079 4.990720 0.125000 6.057070 
139.506965 111.872514 139.907568 133.138515 3.819964 0.125000 6.915036 
163.633269 193.028167 158.216458 164.595720 5.203827 0.125000 39.374880 
204.374773 195.897295 226.875799 195.916037 5.012493 0.125000 44.195568 
229.198901 83.113585 229.849611 73.074740 2.899036 0.125000 5.368370 
197.244723 44.276081 198.025305 66.921524 5.126217 0.125000 32.681408 
96.428532 125.494660 93.443937 135.718109 3.398460 0.125000 6.252277 
74.817492 149.591338 83.410831 132.014745 2.295767 0.125000 13.880332 
70.252154 88.610977 44.200750 93.433744 6.281704 0.125000 38.954601 
227.131266 99.696631 214.002366 110.157318 3.711817 0.125000 10.615518 
105.369931 65.411965 100.514746 99.713257 6.340770 0.125000 33.305441 
102.170564 139.722951 110.953806 132.262084 4.138429 0.125000 3.333907 
207.495328 40.620879 207.356325 61.861789 7.524379 0.125000 28.655914 
229.267067 132.114301 226.263773 115.071871 6.589032 0.125000 28.015031 
161.298408 114.193119 156.542508 129.270118 2.199221 0.125000 4.362872 
46.937064 159.293769 48.389189 138.057590 2.494176 0.125000 2.560838 
122.821485 69.487436 123.898642 60.419921 5.112544 0.125000 0.752514 
65.488286 183.180553 55.352140 158.235875 5.356398 0.125000 29.337736 
107.146964 193.377334 104.459580 169.648557 6.234256 0.125000 26.115140 
201.263617 144.370671 201.166209 158.128832 1.338466 0.125000 2.722327 
154.883435 27.717337 149.569713 53.676593 7.598317 0.125000 38.737931 
84.757966 13.954982 91.099500 38.609924 6.018060 0.125000 41.514042 
199.847582 23.695130 196.059058 43.447996 8.307561 0.125000 31.200798 
160.533299 146.442191 163.604978 154.662726 6.292162 0.125000 0.535907 
173.308829 19.076067 177.390212 4.519455 3.610759 0.125000 3.823936 
204.026143 0.355971 202.047636 12.114377 3.709823 0.125000 8.704983 
96.092763 98.189487 70.192847 87.970262 6.423008 0.125000 41.205842 
157.419042 2.595109 154.001844 23.269927 8.021361 0.125000 39.178390 
69.403064 193.114242 65.740486 183.559907 4.843824 0.125000 15.127204 
95.567958 194.699443 106.875733 194.402959 5.063808 0.125000 8.346165 
57.147940 34.423811 57.749558 15.653030 3.427732 0.125000 10.485401 
68.710846 149.389609 69.178909 130.620110 1.592395 0.125000 6.252277 
88.440679 151.666149 83.738210 172.703241 6.644844 0.125000 33.345633 
125.292345 129.371518 125.043807 153.118917 2.512945 0.125000 20.473481 
61.890722 107.740957 74.471980 108.255999 6.449284 0.125000 6.183098 
91.952084 134.846265 89.740206 146.941784 5.698337 0.125000 6.456360 
111.609705 37.721440 118.551635 11.655718 5.232150 0.125000 20.912995 
123.105421 95.648546 122.849203 81.833749 7.591428 0.125000 5.464530 
65.333219 120.636462 66.462807 149.391192 2.301807 0.125000 25.620502 
163.580711 38.304261 160.690804 45.650885 2.777952 0.125000 1.237072 
179.661000 39.412883 182.817283 15.584241 6.852436 0.125000 22.653151 
54.551647 158.045508 49.031861 145.779414 2.621747 0.125000 6.252277 
119.645737 118.160622 119.325596 98.125789 6.428946 0.125000 16.946200 
94.128818 0.588521 93.884407 10.613039 3.215289 0.125000 1.777090 
28.150585 89.370628 26.454937 79.446774 3.064836 0.125000 0.986779 
83.216872 4.660131 85.390882 13.490390 6.983707 0.125000 4.201283 
171.309801 44.309847 173.475645 25.521327 2.001699 0.062500 1.300891 
23.102695 152.891040 27.185584 174.315812 7.309510 0.125000 20.200026 
99.893660 5.496550 106.088477 30.510217 3.951896 0.125000 10.685034 
182.716692 15.538414 183.497765 0.579197 3.810077 0.125000 8.162931 
102.958154 167.238005 100.700441 158.425930 3.942905 0.125000 1.121977 
165.921713 106.341376 177.169432 112.595478 2.547544 0.125000 0.301227 
43.082583 55.458757 66.942804 56.392626 4.333769 0.125000 17.259412 
100.528153 158.135626 99.158133 145.648794 3.591302 0.125000 3.924571 
214.148951 155.594434 215.333312 146.835558 2.477454 0.125000 1.237072 
24.980874 175.019033 30.249697 191.155682 5.504705 0.125000 9.322499 
76.775460 62.183697 101.876833 63.073287 4.731231 0.125000 19.420048 
125.190955 156.869914 124.912545 180.631298 1.498882 0.125000 19.298872 
67.759679 58.101648 75.674487 60.458837 2.523633 0.062500 1.375034 
25.580500 34.365416 20.984890 55.702514 2.011551 0.062500 1.746333 
